20 20 10 10 3
20 70 10 10 5
20 120 10 10 8
20 170 10 10 7
20 220 10 10 4
20 270 10 10 8
20 320 10 10 8
20 370 10 10 4
20 420 10 10 3
20 470 10 10 0
70 20 10 10 4
70 70 10 10 8
70 120 10 10 1
70 170 10 10 1
70 220 10 10 4
70 270 10 10 5
70 320 10 10 9
70 370 10 10 2
70 420 10 10 4
70 470 10 10 4
120 20 10 10 8
120 70 10 10 7
120 120 10 10 6
120 170 10 10 6
120 220 10 10 4
120 270 10 10 4
120 320 10 10 1
120 370 10 10 2
120 420 10 10 9
120 470 10 10 6
170 20 10 10 5
170 70 10 10 2
170 120 10 10 8
170 170 10 10 4
170 220 10 10 5
170 270 10 10 9
170 320 10 10 5
170 370 10 10 4
170 420 10 10 2
170 470 10 10 6
220 20 10 10 4
220 70 10 10 0
220 120 10 10 0
220 170 10 10 6
220 220 10 10 4
220 270 10 10 4
220 320 10 10 4
220 370 10 10 1
220 420 10 10 3
220 470 10 10 2
270 20 10 10 8
270 70 10 10 3
270 120 10 10 0
270 170 10 10 6
270 220 10 10 3
270 270 10 10 0
270 320 10 10 8
270 370 10 10 6
270 420 10 10 5
270 470 10 10 2
320 20 10 10 5
320 70 10 10 4
320 120 10 10 8
320 170 10 10 8
320 220 10 10 3
320 270 10 10 1
320 320 10 10 7
320 370 10 10 2
320 420 10 10 3
320 470 10 10 8
370 20 10 10 0
370 70 10 10 7
370 120 10 10 0
370 170 10 10 0
370 220 10 10 2
370 270 10 10 6
370 320 10 10 7
370 370 10 10 7
370 420 10 10 2
370 470 10 10 8
420 20 10 10 5
420 70 10 10 0
420 120 10 10 6
420 170 10 10 4
420 220 10 10 6
420 270 10 10 5
420 320 10 10 1
420 370 10 10 2
420 420 10 10 1
420 470 10 10 6
470 20 10 10 0
470 70 10 10 6
470 120 10 10 7
470 170 10 10 6
470 220 10 10 0
470 270 10 10 7
470 320 10 10 7
470 370 10 10 1
470 420 10 10 3
470 470 10 10 5
