MA-2134 1.10 NH-I95-HMPT 200808220500 0 200808220500 0

324-HDK-NY-42 1.10 NH-I95-HMPT 200808230500 0 200808230500 0

NH-2134 2.40 MA-I90 200808241545 8 200808241620 5

SCA-11-23 1.50 NY-NBB 200808231115 0 200808231115 0

NH-2134 2.40 MA-I90 200808220723 5 200808220805 8

NH-2134 1.75 NY-I84N 200808240920 15 200808240952 17

324-HDK-NY-42 1.10 NH-I95-HMPT 200808220500 0 200808220500 0

NH-2134 1.10 NH-I95-HMPT 200808241810 0 200808241810 0

MA-2134 1.75 NY-I84S 200808221230 17 200808221317 15

NH-2134 1.50 NY-NBB 200808241013 0 200808241013 0

NH-2134 1.10 NH-I95-HMPT 200808220500 0 200808220500 0

324-HDK-NY-42 1.10 NH-I95-HMPT 200808230500 0 200808230500 0

NH-2134 2.40 MA-I90 200808241545 8 200808241620 5

SCA-11-23 1.50 NY-NBB 200808231115 0 200808231115 0

MA-2134 2.40 MA-I90 200808220723 5 200808220805 8

NJ-2134 1.75 NY-I84N 200808240920 15 200808240952 17

324-HDK-NY-42 1.10 NH-I95-HMPT 200808220500 0 200808220500 0

NH-2134 1.10 NH-I95-HMPT 200808241810 0 200808241810 0

NJ-2134 1.75 NY-I84S 200808221230 17 200808221317 15

NH-2134 1.50 NY-NBB 200808241013 0 200808241013 0

MT-2134 1.10 NH-I95-HMPT 200808220500 0 200808220500 0

324-HDK-NY-42 1.10 NH-I95-HMPT 200808230500 0 200808230500 0

NH-2134 2.40 MA-I90 200808241545 8 200808241620 5

SCA-11-23 1.50 NY-NBB 200808231115 0 200808231115 0

MA-2134 2.40 MA-I90 200808220723 5 200808220805 8

NH-2134 1.75 NY-I84N 200808240920 15 200808240952 17

324-HDK-NY-42 1.10 NH-I95-HMPT 200808220500 0 200808220500 0

NH-2134 1.10 NH-I95-HMPT 200808241810 0 200808241810 0

MA-2134 1.75 NY-I84S 200808221230 17 200808221317 15

NH-2134 1.50 NY-NBB 200808241013 0 200808241013 0

NH-2134 1.10 NH-I95-HMPT 200808220500 0 200808220500 0

324-HDK-NY-42 1.10 NH-I95-HMPT 200808230500 0 200808230500 0

NMA-2134 2.40 MA-I90 200808241545 8 200808241620 5

SCA-11-23 1.50 NY-NBB 200808231115 0 200808231115 0

NH-2134 2.40 MA-I90 200808220723 5 200808220805 8

NH-2134 1.75 NY-I84N 200808240920 15 200808240952 17

324-HDK-NY-42 1.10 NH-I95-HMPT 200808220500 0 200808220500 0

NH-2134 1.10 NH-I95-HMPT 200808241810 0 200808241810 0

NY-2134 1.75 NY-I84S 200808221230 17 200808221317 15

NH-2134 1.50 NY-NBB 200808241013 0 200808241013 0

SD-2134 1.10 NH-I95-HMPT 200808220500 0 200808220500 0

324-HDK-NY-42 1.10 NH-I95-HMPT 200808230500 0 200808230500 0

NH-2134 2.40 MA-I90 200808241545 8 200808241620 5

SCA-11-23 1.50 NY-NBB 200808231115 0 200808231115 0

NH-2134 2.40 MA-I90 200808220723 5 200808220805 8

MO-2134 1.75 NY-I84N 200808240920 15 200808240952 17

324-HDK-NY-42 1.10 NH-I95-HMPT 200808220500 0 200808220500 0

MO-2134 1.10 NH-I95-HMPT 200808241810 0 200808241810 0

NH-2134 1.75 NY-I84S 200808221230 17 200808221317 15

NV-2134 1.50 NY-NBB 200808241013 0 200808241013 0

NH-2134 1.10 NH-I95-HMPT 200808220500 0 200808220500 0

324-HDK-NY-42 1.10 NH-I95-HMPT 200808230500 0 200808230500 0

NH-2134 2.40 MA-I90 200808241545 8 200808241620 5

SCA-11-23 1.50 NY-NBB 200808231115 0 200808231115 0

NH-2134 2.40 MA-I90 200808220723 5 200808220805 8

NV-2134 1.75 NY-I84N 200808240920 15 200808240952 17

324-HDK-NY-42 1.10 NH-I95-HMPT 200808220500 0 200808220500 0

NH-2134 1.10 NH-I95-HMPT 200808241810 0 200808241810 0

LA-2134 1.75 NY-I84S 200808221230 17 200808221317 15

LA-2134 1.50 NY-NBB 200808241013 0 200808241013 0

NV-2134 1.10 NH-I95-HMPT 200808220500 0 200808220500 0

324-HDK-NY-42 1.10 NH-I95-HMPT 200808230500 0 200808230500 0

NV-2134 2.40 MA-I90 200808241545 8 200808241620 5

SCA-11-23 1.50 NY-NBB 200808231115 0 200808231115 0

NH-2134 2.40 MA-I90 200808220723 5 200808220805 8

NH-2134 1.75 NY-I84N 200808240920 15 200808240952 17

324-HDK-NY-42 1.10 NH-I95-HMPT 200808220500 0 200808220500 0

NH-2134 1.10 NH-I95-HMPT 200808241810 0 200808241810 0

NH-2134 1.75 NY-I84S 200808221230 17 200808221317 15

NH-2134 1.50 NY-NBB 200808241013 0 200808241013 0

NH-2134 1.10 NH-I95-HMPT 200808220500 0 200808220500 0

324-HDK-NY-42 1.10 NH-I95-HMPT 200808230500 0 200808230500 0

NH-2134 2.40 MA-I90 200808241545 8 200808241620 5

SCA-11-23 1.50 NY-NBB 200808231115 0 200808231115 0

NH-2134 2.40 MA-I90 200808220723 5 200808220805 8

NH-2134 1.75 NY-I84N 200808240920 15 200808240952 17

324-HDK-NY-42 1.10 NH-I95-HMPT 200808220500 0 200808220500 0

IL-2134 1.10 NH-I95-HMPT 200808241810 0 200808241810 0

IL-2134 1.75 NY-I84S 200808221230 17 200808221317 15

OH-2134 1.50 NY-NBB 200808241013 0 200808241013 0

IL-2134 1.10 NH-I95-HMPT 200808220500 0 200808220500 0

324-HDK-NY-42 1.10 NH-I95-HMPT 200808230500 0 200808230500 0

IL-2134 2.40 MA-I90 200808241545 8 200808241620 5

SCA-11-23 1.50 NY-NBB 200808231115 0 200808231115 0

OH-2134 2.40 MA-I90 200808220723 5 200808220805 8

NH-2134 1.75 NY-I84N 200808240920 15 200808240952 17

324-HDK-NY-42 1.10 NH-I95-HMPT 200808220500 0 200808220500 0

OH-2134 1.10 NH-I95-HMPT 200808241810 0 200808241810 0

NH-2134 1.75 NY-I84S 200808221230 17 200808221317 15

OH-2134 1.50 NY-NBB 200808241013 0 200808241013 0

NH-2134 1.10 NH-I95-HMPT 200808220500 0 200808220500 0

324-HDK-NY-42 1.10 NH-I95-HMPT 200808230500 0 200808230500 0

NH-2134 2.40 MA-I90 200808241545 8 200808241620 5

SCA-11-23 1.50 NY-NBB 200808231115 0 200808231115 0

NH-2134 2.40 MA-I90 200808220723 5 200808220805 8

NH-2134 1.75 NY-I84N 200808240920 15 200808240952 17

324-HDK-NY-42 1.10 NH-I95-HMPT 200808220500 0 200808220500 0

NCA-2134 1.10 NH-I95-HMPT 200808241810 0 200808241810 0

NCA-2134 1.75 NY-I84S 200808221230 17 200808221317 15

NCA-2134 1.50 NY-NBB 200808241013 0 200808241013 0

NCA-2134 1.10 NH-I95-HMPT 200808220500 0 200808220500 0

324-HDK-NY-42 1.10 NH-I95-HMPT 200808230500 0 200808230500 0

NH-2134 2.40 MA-I90 200808241545 8 200808241620 5

SCA-11-23 1.50 NY-NBB 200808231115 0 200808231115 0

NH-2134 2.40 MA-I90 200808220723 5 200808220805 8

NH-2134 1.75 NY-I84N 200808240920 15 200808240952 17

324-HDK-NY-42 1.10 NH-I95-HMPT 200808220500 0 200808220500 0

NH-2134 1.10 NH-I95-HMPT 200808241810 0 200808241810 0

SC-2134 1.75 NY-I84S 200808221230 17 200808221317 15

NH-2134 1.50 NY-NBB 200808241013 0 200808241013 0

CA-2134 1.10 NH-I95-HMPT 200808220500 0 200808220500 0

324-HDK-NY-42 1.10 NH-I95-HMPT 200808230500 0 200808230500 0

NJ-2134 2.40 MA-I90 200808241545 8 200808241620 5

SCA-11-23 1.50 NY-NBB 200808231115 0 200808231115 0

NH-2134 2.40 MA-I90 200808220723 5 200808220805 8

NH-2134 1.75 NY-I84N 200808240920 15 200808240952 17

324-HDK-NY-42 1.10 NH-I95-HMPT 200808220500 0 200808220500 0

MO-2134 1.10 NH-I95-HMPT 200808241810 0 200808241810 0

MO-2134 1.75 NY-I84S 200808221230 17 200808221317 15

MT-2134 1.50 NY-NBB 200808241013 0 200808241013 0

SD-2134 1.10 NH-I95-HMPT 200808220500 0 200808220500 0

324-HDK-NY-42 1.10 NH-I95-HMPT 200808230500 0 200808230500 0

NH-2134 2.40 MA-I90 200808241545 8 200808241620 5

SCA-11-23 1.50 NY-NBB 200808231115 0 200808231115 0

NH-2134 2.40 MA-I90 200808220723 5 200808220805 8

SD-2134 1.75 NY-I84N 200808240920 15 200808240952 17

324-HDK-NY-42 1.10 NH-I95-HMPT 200808220500 0 200808220500 0

NH-2134 1.10 NH-I95-HMPT 200808241810 0 200808241810 0

SD-2134 1.75 NY-I84S 200808221230 17 200808221317 15

NH-2134 1.50 NY-NBB 200808241013 0 200808241013 0

SD-2134 1.10 NH-I95-HMPT 200808220500 0 200808220500 0

324-HDK-NY-42 1.10 NH-I95-HMPT 200808230500 0 200808230500 0

NH-2134 2.40 MA-I90 200808241545 8 200808241620 5

SCA-11-23 1.50 NY-NBB 200808231115 0 200808231115 0

ND-2134 2.40 MA-I90 200808220723 5 200808220805 8

NH-2134 1.75 NY-I84N 200808240920 15 200808240952 17

324-HDK-NY-42 1.10 NH-I95-HMPT 200808220500 0 200808220500 0

ND-2134 1.10 NH-I95-HMPT 200808241810 0 200808241810 0

ND-2134 1.75 NY-I84S 200808221230 17 200808221317 15

NH-2134 1.50 NY-NBB 200808241013 0 200808241013 0

NH-2134 1.10 NH-I95-HMPT 200808220500 0 200808220500 0

324-HDK-NY-42 1.10 NH-I95-HMPT 200808230500 0 200808230500 0

NC-2134 2.40 MA-I90 200808241545 8 200808241620 5

SCA-11-23 1.50 NY-NBB 200808231115 0 200808231115 0

NC-2134 2.40 MA-I90 200808220723 5 200808220805 8

NC-2134 1.75 NY-I84N 200808240920 15 200808240952 17

324-HDK-NY-42 1.10 NH-I95-HMPT 200808220500 0 200808220500 0

SC-2134 1.10 NH-I95-HMPT 200808241810 0 200808241810 0

SC-2134 1.75 NY-I84S 200808221230 17 200808221317 15

SC-2134 1.50 NY-NBB 200808241013 0 200808241013 0
