30
110
1 307
2 307
3 307
4 307
4 306
5 306
5 305
5 304
5 303
5 302
6 302
6 301
7 301
8 301
8 299
9 299
9 298
10 298
11 298
12 298
13 298
13 297
14 297
14 296
14 295
14 294
15 294
15 293
15 292
16 292
17 292
17 291
17 290
18 290
17 289
18 289
19 289
19 288
20 288
21 288
22 288
23 288
24 288
25 288
25 287
25 286
26 285
29 284
30 284
30 283
31 283
31 282
32 282
33 282
34 282
35 282
35 281
36 281
37 280
37 279
38 279
38 278
38 277
38 276
38 275
38 274
39 274
40 273
41 273
41 272
41 271
42 271
42 270
43 270
43 269
44 269
45 269
45 268
46 268
47 268
48 268
49 268
50 267
51 267
52 267
53 267
54 267
55 267
56 267
57 267
58 267
59 267
60 268
60 269
61 269
62 269
63 269
64 269
64 270
65 270
65 269
66 269
67 269
68 269
69 269
69 270
70 270
71 271
71 272
72 272
73 272
73 273
74 273
75 275
76 275
77 275
78 275
79 275
80 275
81 275
82 275
83 275
80 274
81 274
82 274
82 275
83 275
83 276
84 276
86 277
86 278
87 278
88 278
89 278
90 278
91 279
92 279
92 280
92 281
93 281
94 281
95 281
95 283
96 283
97 283
98 283
99 283
100 283
101 283
102 283
103 283
104 281
105 281
105 280
106 280
107 280
107 279
108 277
109 277
110 277
111 277
112 277
113 277
114 277
115 277
116 277
117 277
118 277
119 278
120 278
121 278
121 279
122 279
123 279
124 279
125 279
126 279
127 279
128 279
131 278
132 278
134 278
135 278
136 278
138 279
139 279
140 279
141 279
142 279
143 279
144 279
145 279
146 279
146 278
146 277
148 275
148 274
149 274
149 273
150 273
150 272
152 271
152 270
153 270
154 270
154 269
155 269
155 268
157 268
158 268
159 268
160 268
161 268
162 268
162 267
163 267
164 267
164 266
165 266
166 266
166 265
167 265
168 265
170 265
171 265
172 265
173 265
173 266
176 267
177 267
177 268
178 268
179 268
179 269
182 271
183 271
184 271
185 271
185 272
186 272
186 273
187 273
188 273
188 274
189 274
190 274
191 274
192 274
193 274
194 274
196 274
197 274
198 274
199 274
200 273
202 272
203 272
204 272
204 271
205 271
206 271
207 271
208 271
209 271
210 271
211 271
212 271
213 271
214 271
215 271
216 271
217 271
218 271
220 270
221 270
221 269
222 269
223 269
224 269
225 269
226 269
227 269
228 269
230 269
231 269
232 269
233 269
234 269
235 269
236 269
237 269
238 269
239 269
240 269
241 269
242 269
243 269
244 269
245 269
246 269
248 270
249 270
249 271
250 271
251 271
254 272
255 272
256 272
257 272
258 272
259 272
260 272
261 272
262 272
263 272
264 272
266 272
267 272
267 273
268 273
269 273
270 273
271 274
271 275
273 275
274 276
275 276
275 277
276 277
277 277
277 278
278 278
279 278
280 279
280 280
281 280
282 280
283 280
286 281
287 281
288 281
289 281
290 281
291 281
292 281
292 280
293 280
294 280
294 279
295 278
295 277
296 277
296 276
295 274
295 272
295 271
296 271
297 271
297 270
298 270
300 269
301 269
302 269
303 269
304 269
304 268
306 268
307 268
307 267
307 266
307 265
308 265
309 265
310 265
311 265
313 264
314 264
315 263
316 263
316 262
317 262
317 261
319 261
320 261
320 260
321 260
322 260
322 259
323 259
324 259
325 259
326 259
326 258
327 257
328 257
328 256
329 256
330 256
330 255
332 254
334 254
334 253
335 253
335 252
337 251
337 250
338 249
338 248
339 248
340 247
341 247
341 246
341 245
342 245
342 244
343 244
343 243
344 243
344 242
345 242
346 242
346 241
348 242
349 242
350 242
351 242
352 244
353 244
354 244
355 244
355 243
356 243
359 241
360 241
360 240
361 240
361 239
362 237
363 237
363 236
364 236
365 236
366 236
367 235
368 235
369 235
370 235
371 235
372 235
373 235
374 235
375 235
376 235
376 236
376 237
377 237
377 238
378 238
378 239
379 241
380 241
381 241
381 242
382 242
383 242
385 242
386 242
387 242
388 242
389 242
390 242
391 242
391 243
392 243
393 243
394 243
396 244
396 245
397 245
397 246
398 247
399 248
399 249
400 249
400 250
401 250
401 251
402 252
403 253
405 254
405 255
403 256
404 258
405 258
406 258
406 259
406 260
407 260
409 263
409 264
410 264
411 265
412 265
414 266
414 267
415 267
415 268
416 270
416 271
421 272
421 273
421 274
421 275
422 275
425 276
427 277
427 278
428 278
429 279
429 280
433 283
433 284
433 285
434 285
435 285
437 289
438 289
439 290
439 291
440 291
440 292
442 293
443 293
443 295
444 295
445 295
446 295
447 295
448 295
448 297
449 297
450 297
451 297
452 297
453 297
454 297
454 296
455 296
455 295
455 294
456 294
457 294
457 293
459 292
460 292
461 292
462 292
463 292
464 292
465 292
466 292
467 292
468 292
469 292
470 292
471 292
472 292
473 292
473 291
475 291
476 289
477 289
478 289
479 289
480 289
481 289
482 289
483 289
484 289
485 289
489 289
490 289
491 289
492 289
493 289
494 289
495 289
496 289
497 289
498 289
499 289
502 289
503 290
504 290
505 291
506 292
507 292
514 292
515 292
515 293
516 293
516 294
517 297
517 298
517 299
517 300
518 300
519 301
520 302
520 303
521 303
521 304
522 304
523 305
524 305
525 305
525 306
526 306
526 307
529 308
530 308
531 308
532 309
533 309
541 310
542 311
542 310
543 310
544 310
545 310
547 312
548 312
549 312
549 313
549 314
552 316
553 316
554 316
554 317
555 318
556 318
557 318
557 319
558 319
559 319
559 320
562 321
562 322
563 322
564 322
564 323
564 324
567 325
568 325
568 326
569 326
570 326
573 330
573 331
574 331
574 332
575 332
575 333
576 334
577 334
577 335
577 336
577 337
581 342
582 343
583 343
583 344
583 345
583 346
584 349
585 349
585 350
586 350
586 351
589 355
590 355
591 356
591 357
592 357
592 358
595 359
596 359
597 359
597 360
598 360
602 361
602 362
603 362
604 362
604 363
605 363
607 364
608 364
610 364
611 364
611 362
613 363
614 364
615 364
616 364
616 365
617 365
619 367
619 368
620 368
620 369
620 370
620 371
620 372
620 373
622 373
623 373
624 373
626 373
627 373
628 373
629 373
630 373
632 373
633 373
634 373
635 373
636 373
637 373
641 374
642 374
643 374
644 374
645 374
648 374
649 374
650 374
651 374
652 374
653 374
656 374
657 374
658 374
659 374
660 374
664 374
665 374
666 374
667 374
667 373
668 373
670 373
671 373
672 373
673 373
674 373
678 373
679 373
680 373
681 373
681 372
682 372
685 371
686 371
687 371
688 371
688 372
689 372
689 373
690 373
691 373
692 373
692 374
694 376
695 376
696 376
697 376
698 376
