30
90
3 307
3 306
3 305
6 303
7 303
8 303
9 303
9 302
9 301
10 301
10 300
11 300
11 299
12 299
12 298
12 297
12 296
12 295
13 295
14 295
15 294
15 293
16 293
16 292
17 292
18 292
19 292
19 291
20 291
21 290
22 290
24 289
24 288
25 287
26 287
26 286
27 287
28 286
29 286
30 286
30 285
31 285
31 284
32 284
33 284
33 283
33 282
33 281
33 280
34 280
35 280
35 279
36 279
37 277
38 277
39 277
39 276
40 276
42 274
43 274
44 274
45 274
45 273
45 272
48 271
49 271
50 271
50 270
51 270
51 269
51 268
52 268
53 268
54 268
55 268
57 268
58 268
59 268
60 268
61 268
62 268
62 269
63 269
63 270
64 270
65 270
66 271
67 271
68 271
69 271
69 272
72 273
73 273
73 274
74 274
75 274
76 274
77 274
78 274
79 274
80 274
81 274
83 277
84 277
85 277
86 277
87 277
88 277
90 278
91 278
91 279
93 279
94 279
96 280
97 280
98 280
98 279
98 278
99 278
100 278
101 278
102 278
103 278
104 278
106 278
107 278
108 278
108 279
109 279
110 279
111 279
112 279
113 279
114 279
114 280
117 280
118 280
119 280
120 280
121 280
122 280
124 280
125 280
126 280
127 280
128 280
131 279
132 279
133 279
134 279
135 279
136 279
138 279
139 279
140 279
141 279
142 279
144 278
145 278
146 278
147 278
148 278
148 277
150 276
151 276
151 275
152 275
153 275
154 273
155 273
156 273
157 272
158 272
159 272
161 271
162 271
163 271
163 270
164 270
165 270
165 269
166 269
168 268
169 268
169 267
170 267
170 266
171 266
172 266
173 266
174 262
175 262
176 262
177 262
178 262
179 262
181 263
182 263
183 263
183 264
184 264
185 265
185 266
186 266
186 267
186 268
187 268
187 269
188 269
188 270
188 271
189 271
189 273
189 274
190 274
191 274
191 275
191 276
192 277
192 278
192 279
192 280
192 281
193 283
194 283
194 284
194 285
194 286
195 286
195 287
195 288
195 289
195 290
195 291
196 292
197 292
197 293
197 294
198 294
198 295
199 297
201 298
201 299
202 299
202 300
203 301
204 301
204 302
204 303
205 303
205 304
208 304
209 304
209 305
210 305
210 306
211 307
212 307
212 308
213 308
213 309
212 309
213 310
213 311
214 311
214 312
215 311
218 312
218 313
219 313
219 314
219 315
219 316
222 317
222 318
222 319
223 319
224 319
225 323
225 324
226 324
226 325
226 326
227 326
228 329
228 330
228 331
229 331
229 332
232 335
233 335
233 336
234 336
234 337
234 338
234 340
234 341
234 342
235 342
235 343
237 346
238 346
239 346
239 347
239 348
240 349
240 350
240 351
240 352
241 352
241 353
243 355
244 355
244 356
244 357
245 357
245 358
246 359
246 360
246 361
247 361
248 361
249 364
249 365
249 366
250 366
252 366
253 366
254 367
255 367
255 368
256 368
257 368
258 368
259 368
260 368
261 368
261 369
261 370
262 370
262 371
263 371
264 371
264 372
264 373
264 374
264 375
265 375
266 376
267 376
267 378
267 379
268 379
268 380
269 380
272 382
273 382
273 383
273 384
274 384
274 385
276 385
277 385
278 385
279 385
282 385
285 385
286 385
287 385
288 385
289 385
289 384
294 382
295 382
296 382
297 380
297 379
299 376
300 376
301 376
302 376
303 376
304 376
306 375
308 375
309 375
310 375
310 374
313 373
314 373
315 373
315 372
316 372
317 372
318 370
318 369
318 368
318 367
318 366
318 364
319 363
320 363
320 362
320 361
321 361
321 360
321 359
322 359
322 358
323 358
324 358
325 358
326 358
327 358
327 357
327 356
327 355
327 356
328 356
328 355
329 355
330 352
331 352
332 352
333 352
333 351
333 350
336 349
336 348
337 348
338 348
339 348
342 345
343 345
343 344
343 343
344 343
345 343
348 342
349 342
350 342
351 340
352 340
354 339
355 339
356 339
357 339
357 338
358 338
360 337
361 337
363 337
363 336
364 336
366 334
367 334
368 334
369 334
370 334
370 333
372 333
372 332
372 331
373 331
373 330
375 329
375 328
376 328
376 327
376 326
376 325
378 323
378 322
379 322
379 321
379 320
380 319
380 318
381 318
381 317
381 316
381 314
382 313
382 312
382 311
382 310
383 310
383 309
383 308
384 308
384 307
385 307
386 307
387 306
387 305
387 304
388 304
389 304
390 304
391 304
392 304
393 304
394 304
395 304
397 306
398 307
399 307
400 308
401 308
402 310
404 310
404 311
404 312
405 312
405 313
409 313
409 314
410 314
409 314
410 314
411 317
411 318
412 318
412 319
413 319
414 319
415 320
416 320
417 321
417 322
418 322
420 325
421 326
421 327
421 328
422 328
422 329
423 331
423 332
424 332
424 333
424 334
426 334
426 335
427 336
428 336
428 337
428 338
429 339
430 339
430 340
431 340
432 340
432 341
433 341
434 341
434 342
435 342
436 342
438 342
439 342
440 342
441 342
442 342
444 342
445 342
445 343
446 343
447 343
448 343
450 343
451 343
452 343
453 343
454 343
455 343
456 343
457 343
458 343
459 343
460 343
461 343
462 343
463 343
464 343
465 343
467 343
468 343
469 343
470 343
470 344
471 344
472 344
473 344
474 344
475 344
476 344
478 344
479 344
479 345
480 345
481 345
482 345
484 346
485 346
486 347
486 348
486 349
489 351
490 351
490 352
491 352
491 353
492 353
493 354
493 355
493 357
493 358
492 358
493 358
494 358
495 358
496 358
497 358
499 358
502 359
504 360
504 361
505 361
506 361
508 362
508 363
508 364
509 366
510 366
510 367
510 369
511 369
511 370
512 370
512 371
513 372
513 373
514 373
515 373
516 373
516 374
516 376
516 377
516 378
516 379
517 379
518 382
518 383
518 384
518 385
519 385
520 385
523 387
524 387
525 387
525 388
526 388
526 388
526 389
527 389
528 390
528 391
529 391
530 394
530 395
531 395
531 396
531 397
532 397
532 398
532 399
533 399
533 400
534 400
534 404
534 405
534 406
534 407
534 408
534 410
534 411
534 412
534 413
534 414
534 415
534 416
534 417
534 418
535 418
535 419
535 420
535 421
536 421
537 421
537 422
538 422
539 422
540 422
541 422
542 422
543 422
545 423
546 423
546 424
547 424
549 424
550 424
552 426
553 426
553 427
554 427
555 427
555 428
556 428
556 429
557 429
557 430
557 431
558 434
558 435
559 435
559 436
559 437
562 437
563 437
563 438
564 439
565 439
566 439
571 441
572 441
572 442
573 442
575 442
577 444
578 444
578 445
579 445
580 445
580 446
585 447
586 447
586 448
586 449
587 449
588 449
589 449
589 450
590 450
591 450
591 451
594 454
594 455
595 455
596 455
597 455
600 457
600 458
601 458
602 458
603 458
603 459
606 460
607 460
609 460
610 460
611 460
613 463
613 464
615 464
616 465
617 465
616 465
615 463
615 464
616 464
616 465
616 466
619 469
619 470
618 472
618 473
618 474
618 475
618 478
619 478
621 479
621 480
621 481
624 484
625 484
626 484
627 487
628 487
629 487
630 487
630 488
630 489
630 490
630 491
631 493
631 494
631 495
631 496
632 497
632 498
632 499
632 500
633 500
