30
100
0 304
1 304
2 304
3 304
4 304
5 304
6 304
7 304
7 303
8 303
9 302
9 301
10 301
11 301
11 300
11 299
12 299
12 298
12 297
13 297
14 295
15 292
16 292
16 291
16 290
17 290
18 288
18 287
19 287
20 287
21 287
22 287
22 286
23 286
24 286
25 286
26 285
28 284
29 284
30 283
31 283
32 283
33 283
33 282
34 282
34 281
35 281
35 280
36 280
37 280
38 280
38 279
39 279
39 278
41 277
42 277
42 276
43 276
43 275
44 274
45 274
45 273
46 272
47 272
47 271
48 270
48 269
49 269
49 268
50 268
51 267
52 267
53 267
54 267
55 267
56 267
57 267
58 267
59 268
60 269
60 270
62 271
63 271
64 271
65 271
66 271
66 272
67 273
68 273
69 273
69 274
70 274
72 274
73 274
74 274
75 274
75 275
77 275
80 276
81 276
81 277
82 277
83 277
85 277
85 278
86 278
87 278
88 278
89 278
89 279
90 280
91 280
91 281
92 281
93 282
94 282
95 282
96 282
96 283
97 283
98 283
99 283
100 283
101 283
102 283
103 283
104 283
105 283
106 283
107 283
108 283
109 283
110 282
111 282
112 282
113 282
114 281
115 281
116 281
117 281
118 281
119 281
120 281
121 281
122 281
123 281
124 281
126 281
127 281
128 281
129 281
130 281
131 281
132 281
133 281
134 281
135 281
136 281
138 280
139 280
140 280
141 280
141 279
142 279
143 278
144 278
144 277
145 277
145 276
148 276
149 276
150 276
150 275
150 274
150 273
150 272
151 272
151 271
152 271
151 271
152 271
153 271
153 270
153 269
154 269
154 268
155 268
155 267
156 267
156 266
157 266
159 265
160 265
161 265
161 264
162 264
163 264
165 264
166 264
167 264
168 264
169 264
171 264
172 264
173 264
174 264
174 265
175 265
178 266
178 267
179 267
180 267
181 267
183 268
183 269
184 270
185 270
185 271
186 271
188 273
189 273
189 274
190 274
190 275
191 276
191 277
192 277
192 278
192 279
193 279
194 280
194 281
194 282
195 282
195 283
195 284
195 285
196 285
196 286
197 286
197 287
199 289
199 290
200 290
200 291
201 291
204 296
205 296
207 297
207 298
207 299
207 300
207 301
208 301
208 302
209 302
209 303
212 304
212 305
212 306
213 306
213 307
213 308
216 310
216 311
216 312
216 313
217 313
217 314
218 315
218 316
219 316
219 317
219 318
220 319
220 320
221 320
221 321
222 321
223 322
223 323
224 323
224 324
224 325
225 325
226 326
226 327
227 327
227 328
228 328
231 332
232 332
233 332
234 332
236 332
236 333
236 334
236 335
237 335
237 336
237 337
238 337
238 338
238 339
238 340
239 340
239 341
240 343
240 344
240 345
240 346
240 347
241 348
241 349
242 349
242 350
242 352
243 352
243 354
243 355
243 356
244 356
245 356
246 358
247 358
248 358
249 358
249 359
250 360
253 362
254 362
254 363
255 363
255 364
256 364
256 365
257 365
257 366
258 366
258 367
260 367
260 368
261 368
262 368
263 368
264 368
265 368
265 369
266 369
266 370
267 370
268 371
268 372
269 372
269 373
270 373
270 374
270 375
270 376
271 376
272 376
272 377
273 379
273 380
273 381
273 382
274 382
275 382
275 383
276 383
276 384
277 384
278 384
279 384
280 384
280 383
281 383
281 382
282 382
283 382
284 381
285 381
285 380
286 380
288 379
288 378
289 378
290 377
291 377
291 376
292 376
293 376
294 376
295 376
297 376
298 375
299 375
300 375
300 374
301 374
303 373
303 372
304 372
305 372
305 371
306 371
307 370
308 370
308 369
309 369
309 368
310 367
310 366
310 364
311 364
312 364
312 363
315 362
315 361
316 361
317 361
318 361
319 361
319 360
319 359
319 358
320 358
321 358
321 356
321 355
322 355
322 354
323 354
324 353
324 352
325 352
326 352
326 351
327 351
328 350
329 350
329 349
330 349
331 349
333 347
333 346
334 346
334 345
335 345
336 345
338 344
339 344
339 343
340 343
341 343
342 343
342 342
342 341
343 341
344 341
345 341
346 341
346 340
347 340
348 340
349 340
352 340
352 341
353 341
354 341
355 341
355 340
356 339
357 339
358 339
358 338
359 338
360 338
360 337
361 337
362 337
362 336
363 336
363 335
363 334
364 334
365 334
366 334
367 333
367 332
369 332
369 331
369 330
370 330
370 329
371 329
371 328
372 328
372 327
372 326
373 326
373 325
374 325
374 324
375 324
375 322
376 322
376 321
377 321
377 320
377 319
378 319
378 318
378 317
378 316
379 316
379 315
380 315
381 315
381 314
381 313
383 313
384 313
385 313
386 313
387 313
387 312
388 310
389 310
390 310
390 309
390 307
391 307
392 307
393 307
393 306
394 306
394 305
395 305
395 304
396 304
397 304
398 304
399 305
399 306
399 307
400 307
401 307
401 308
402 310
402 311
402 312
403 312
403 313
405 314
406 314
407 314
407 315
408 315
408 316
409 317
410 318
411 318
411 319
412 319
414 321
414 322
415 322
415 323
416 323
416 324
417 325
418 326
418 327
418 328
419 328
420 330
420 329
420 330
421 330
421 331
422 331
423 331
423 332
424 332
424 333
425 333
427 334
428 335
428 336
429 336
429 337
430 337
434 337
434 338
435 338
435 339
436 339
441 340
442 340
443 340
444 340
444 341
445 341
449 341
450 341
451 341
452 341
453 341
454 341
455 341
456 341
457 341
458 341
459 341
463 343
464 343
465 343
466 343
467 343
468 343
469 343
470 343
471 343
471 344
472 344
473 344
474 344
474 345
475 345
476 345
478 346
479 346
480 346
480 347
481 346
482 346
483 346
483 347
484 347
485 347
485 349
486 350
487 350
488 350
488 351
489 351
489 352
493 353
493 354
494 354
495 354
495 355
496 355
496 356
497 356
497 357
498 357
498 358
500 358
501 358
502 358
504 358
504 359
505 360
506 360
507 360
507 361
509 361
509 362
513 362
514 362
515 362
516 362
516 363
521 365
522 365
522 366
522 367
523 367
524 367
522 370
522 371
522 372
522 373
523 373
524 374
524 375
525 375
525 376
525 377
525 378
526 379
526 380
526 381
526 382
527 382
527 385
527 386
528 386
528 387
528 388
528 389
528 390
528 391
528 392
528 393
528 394
528 396
528 397
529 397
529 398
529 399
529 400
529 401
529 402
529 403
529 404
530 404
530 406
530 407
531 407
531 408
531 409
531 410
532 412
532 413
532 414
532 415
532 416
533 418
533 419
534 419
534 420
534 421
534 422
535 423
536 423
537 423
537 424
538 424
540 424
540 425
541 425
542 425
542 426
543 426
544 427
545 427
546 427
546 429
547 429
549 429
550 429
551 429
552 429
553 429
554 429
555 429
556 429
557 429
558 429
559 429
561 431
562 431
562 432
563 432
563 433
564 433
565 434
566 434
566 435
567 435
567 436
570 437
571 437
571 438
572 438
573 438
573 439
575 441
574 442
575 442
575 443
576 443
576 444
577 444
578 444
579 444
579 445
580 445
582 446
583 446
583 447
584 447
585 448
589 449
590 449
590 450
590 451
591 451
592 451
596 452
596 453
597 453
597 454
598 454
599 455
600 455
600 456
601 456
601 457
602 457
604 457
605 457
605 460
606 460
606 461
607 462
608 462
608 463
609 463
610 463
610 464
613 466
614 466
614 467
615 467
615 468
618 470
619 470
619 471
620 471
621 471
621 472
623 472
623 473
624 473
624 475
625 475
627 478
628 478
628 479
629 479
629 480
630 480
632 483
632 484
632 485
633 485
633 486
633 487
633 488
634 488
635 488
635 489
635 490
638 490
639 490
639 491
639 492
639 493
641 493
642 493
642 494
642 495
642 496
