#	0			5			10			20			30			40		
0.0  	0.239	3800642	15902268	0.336	3800852	11312060	3800923	8139021	0.809	3800922	4698297	1.12	3800672	3393457	1.3	  3800812	2923702
0.1  	0.242	3800718	15705446	0.381	3801718	9978262	  0.622	3802917	6114014	0.892	3804946	4265635	1.28	3804736	2972450	1.56  3804806	2438978
0.2  	0.319	3805287	11928799	0.494	3806460	7705385	  0.767	3805113	4961034	1.03	3806932	3696050	1.35	3806237	2819435	1.8	  3806613	2114785
0.3  	0.347	3807698	10973193	0.544	3807956	6999919	  0.804	3808126	4736475	1.25	3810856	3048685	1.65	3808307	2308065	2.05  3811136	1859091
0.4  	0.398	3808476	9569035	  	0.576	3809593	6613877	  0.832	3810633	4580088	1.34	3812061	2844822	1.80	3813604	2118669	2.34  3814081	1629949
0.5  	0.477	3812187	7992006	  	0.587	3812886	6495547	  0.887	3814036	4299928	1.43	3816066	2668578	2.05	3815506	1861222	2.46  3814610	1550654
1.0  	0.573	3824927	6675265	  	0.716	3826487	5344256	  1.02	3828299	3753234	1.73	3832476	2215304	2.57	3856993	1500775	3.26  3843493	1178986
2.0  	0.781	3862719	4945863	  	1.33	3866996	2907516	  1.47	3867134	2630703	2.50	3866008	1546403	3.91	3919246	1002365	4.59  3878821	845059
3.0  	0.932	3901927	4186617	  	1.52	3906292	2569929	  2.12	3908246	1843512	3.08	3908120	1268870	4.76	3942951	828351	5.35  3906588	730203
5.0  	1.27	3996102	3146537	  	2.69	4000226	1487073	  3.09	4000466	1294649	4.52	4011608	887524	6.34	4068255	641681	7.2	  4022771	558718
10.0	3.63	4239749	1167975	  	5.33	4244050	796257	  6.93	4269020	616020	9.64	4262436	442161	13.12	4266383	325182	15.9  4289841	269801
                                                                                                                                            