0.0	  0.238	3788416	15917714	0.300	3788415	126280500.417	3788414	9084926	0.706	3788414	5366025	 0.99	3788587	3826856	 1.27	3788587	2983139
0.1	  0.24	3789182	15788258	0.883	3791633	4294035	  1.54	3792969	2462967	1.99	3793141	1906101	 2.56	3796898	1483163	 4.88	3798372	778355
0.2	  0.255	3794618	14880855	0.953	3796077	3983292	  1.63	3796009	2328840	2.39	3796177	1588359	 4.85	3796181	782718	 6.19	3798054	613579
0.3	  0.255	3799010	14898078	1.15	3800561	3304836	  1.85	3800733	2054450	4.12	3799217	922140	 6.30	3800921	603321	 7.73	3799224	491491
0.4	  0.256	3801928	14851281	1.26	3803597	3018728	  2.49	3803952	1527692	4.99	3803703	762265	 6.51	3803958	584325	 8.25	3806089	461344
0.5	  0.257	3804918	14805128	1.4	    806072	2718623	  2.75	3806805	1384293	5.90	3807791	645388	 7.46	3806811	510296	 9.24	3806816	411993
1.0	  0.259	3819273	14746228	2.02	3826965	1894537	  3.62	3826613	1057075	6.84	3829888	559925	10.23	3827892	374183	12.98	3826927	294833
2.0	  0.279	3874019	13885373	2.54	3867449	1522618	  4.91	3867902	787760	9.59	3871807	403734	14.24	3864940	271414	19.73	3868730	196084
3.0	  0.399	3912005	9804524	  3.86	    3911127	1013245	  6.43	3912879	608535	11.31	3914927	346147	18.57	3914776	210812	23.18	3916216	168948
5.0	  0.857	3895817	4545877	  4.78	    3995723	835925	  8.97	3996456	445536	16.97	3993390	235321	25.17	3988259	158453	33.66	3996389	118728
10.0  3.32	4217478	1270325	  7.65	    4217017	551244	  14.04	4224086	300861	27.38	4221157	154169	39.94	4222301	105716	53.33	4226225	79247
                                                                                                                                        